$ANSIBLE_VAULT;1.1;AES256
66613131383265653433656231373062396236653364623331303438386366313533643437316564
6466343565323735356231636231333030356465306637640a646135663961313132303431396663
31343365613432663265376366373539303264363264353930623539343139323566316438346465
3432316665343238660a326333613339656132393464346562656362323232613964316362353063
62343638366461306338623435363835303836633465663539663863666630333238343036346561
30363264663732613061396664623033643635326165663237333839366335666633633862633338
66666432633936323936303335353739616131383463373963646534356539303164343938626534
36613039333961656463623736313264636661333661383438323334643561336631333965623535
33663834306136626233653037343564613864313131333663663332376333373336663934303930
32373234356136323134613735383137363831303963633039383134386430383761313630366536
62366334356635366235616237633764623666643636376262303766333865656266336635373335
32656135363761643737633461623431623237626266666137623232346336626439356265393038
30366663333435373366633465366437633039343939363136663332336363643634323230313137
39326239663365373936656331303232373366343163326336316237383733623535376166326134
33376639386535633430356561323038373135396136383731336466356236373664656362653337
66303030333865333438363963376531393938323733626138646539653165653435356537626561
39313738306531366664346339393265316565656432366166613130353661613339373633623936
62326161336239353138326565353639656133393433323963333364376133346533663031313333
39343836333764643532613639356231326362393036656161313365386538386363646163633966
62663131346434666535666662376561653533336535613366633861316237333862626232366538
64653361313865336664303032323761633864373631633934313133323232313735626130303932
39326539643639656635373963323337316535663062363137386234653233336536636165653133
64343333343839353466383335326537623439303938643161643461356130333532383239623666
36636439613337663732633863663135313732336265343765343037306164323565396365646131
30633766393564666166623761636330343033666265366130373730353564396531393539316633
37353533373266316532613733323332653466306163343931313663613735396330363132646361
62623239386563316362343434626466343033306561343565626361663437643865363931376361
37376363646333353033353733646662653130633663323139303766653335346564363337313066
30653131383734653531396462613134396161326434323438663633326238613939343238626565
34383265633932313261613964663139356566396264386130396236363166633566333564643266
64356161306636343934646331666634613131313638643462363332666436663231666633316539
64306235313039333337386330313837306165666366326535613264666233306131316336623365
66386663623566306138316130363639343838656334303538383761396461306235343233393063
35363332653238656431356262613332653232636361663262626138646536343431363633613030
62646337326138663437623866633936613664386163306363356564656566646231336239613235
62353062353537643037626539303065666437356630633238333162353236646462336261316239
64383832353038633862616639386430333666613538383062343339323131393361613538323636
32613934663531633035313066346439616662656138633164333737323037383032393363376161
31636238633038363363343038636431353732363738646532303065356163396533646164646531
61366230656339643639653738653966386536653166616466613039393861326264303638336663
65656564383131343431386636386430663938653638613163386661323365313466343839373031
34643565643261333831616162393439616131303331663332346134336533336639656233366235
65386533383363653064303765373566363036303837613333636631636132623934333538373362
61373034636130373032623632326334633263313765343665356263363439326630303766643538
30326135326264346663323838363330323433623766376663383732633365666631303638613334
38636632613137653537363736653163306238366333663131643131613662393234353235303035
65663732323564306463656265336138633936306136346131656139633337376363336463633763
34363634373562366538363864613931343039333836653237393566666530393838623562323731
37333139326661393832326165663335366663396434623436313037363039633664373662326138
64373963313863373638336531383537336334326239373665383633616266356164333563313430
30353961336537623433623438636462363933623962633061396235363531326566663636303339
64663761623333643865383861306133313938336136666135623932373034646663646661633563
32333963353465666438303337316535346633656235366131666465333661663735623561313830
63613163643234343738636634326363393137643938393034316465316365313534653932653138
34363831386234333362303261363238363163306135636239393262306165376238346535623963
32306264393433343733656562363433656531633632363937653133653831636137626239353434
63306339326136373661356430393638663539616230316465623463336166353332396639316165
62363031366161306533316166316435613133366534333636663635313035373630663663343564
66313737643961356137666561633138306465656132393536663332666565306432313666623433
33373633393664363339383939383866346431316336363566393139656638393839373730306234
34653031316232356162373034303266333737643663366563623265313936663565303635616234
34663837393461663763343237646233323465633461613336626233663965303461313330626430
66643334636630653838383433623363313632376565353138613132396231643031663935626136
31393030643834636438323230623962333962346634373431623432313966353835666461343131
63613635373538653364356562633230393261386435376633316132646332396234663330646133
61663636366235313037376634653135626564633834343361356439356530326561333034383735
32653937636466656432646464393565623066303162363936333037373733363633623430313030
62383763363438313935323839313161396365666431303562356263373863366365613164393266
39333263303936663936356461363364393837353939316336633930343962396263656131623733
62383535333532383330386136376236373761343033303732663436666539303666323837613736
63613730636466316531343530316438306537316438396432653036616538623634626565336332
61366432346565616364313265353662643133383630623835386139613930656134356261376564
31636265663739363031633438363261366139373663636662643233646538663366303364303463
66653235333263656462353232313435646261643832633232663530316533383739643331386530
64333064336633303164333736613236336439353766333233383135656530386264363566623437
34343266613039323461623563653239613133613836326239333933616565623464353039326464
37303063633436633838623038663165306231393862653766373737353661366564336138326632
36643233313162653238353833333439353435323539353763643930633037343831366434613463
33346638336632316365316532373638646135383061346238393239626639616638326334663032
64386631653837646433616564633435633635616432636535633938346430623864616233636434
38313336653536376261626262646231646265646237643162616534383661666265333530356330
66316235393266333064343131333164616133343066666631663737353333656530376137613630
32353534613538613131393233663431323233303839633365623765356430666333306436396364
63376131653937646539356237616663393030633236656533626631303239383637633961373365
38316236616335326562346339343065376261353763313036616664666664653566316632663763
63663465363733343861626164353464373861613435666434613931616364383331616539666238
63363363363261333933633237636337303434613363336530663334656263346661336534386566
33323130653666653130
